200
1200
1201 2 278 1402
1202 0 4 6 18 24 60 98 186 224 300 678 704 906 1586
1203 16
1204 4 16 94 130 334 676
1205 0 34 108
1206 2
1207 20 268 698
1208 0 146 444
1209 4
1210 14
1211 0 2 4 6 12 18 32 42 60 102 312
1212 1150
1213 86 176 274
1214 0
1215 110
1216 2 4 20 32 46 112 158 242 784 802 1124
1217 0 506 1524
1218 4 46
1219 104
1220 0 6 86 264 798
1221 2
1222 16 70 1384
1223 0 4 16 18 54 130 396
1224
1225 4 34 256
1226 0 2 12 146 444 742
1227 14 148
1228 656
1229 0 6 24 78
1230 4 20 158
1231 2 188 952
1232 0 4 18 236 714 904
1233
1234 170
1235 0
1236 2 70 362
1237 4 628 1036
1238 0 6 236 714
1239 4 20 158
1240
1241 0 2 12 16 54 92 282 358 850 1080
1242 16 34 700
1243
1244 0 4 14 18 48 116 354
1245 944
1246 2 4 32 170 766 862 1208
1247 0 6 56 174 528
1248
1249 674
1250 0
1251 2 4 32 56 292 410
1252
1253 0 4 18 20 66 158 480
1254
1255
1256 0 2 6 12 24 42 98 132 300 344 502 906 1038 1512
1257
1258 4
1259 0 544
1260 4 16 130
1261 2 14 16 82 92 320
1262 0 20 34 66 108 848
1263
1264
1265 0 4 6 18 46 60 144 438
1266 2
1267 4 46
1268 0
1269 164
1270
1271 0 2 12
1272 4 160 1138
1273
1274 0 4 6 18 60
1275
1276 2 20 112
1277 0 230 696
1278 14 104
1279 4 16 34 130 256 700 994
1280 0 16 54
1281 2 4 32
1282 160
1283 0 6 24
1284
1285 20 194 1090
1286 0 2 4 12 18 32 94 102 288 482 484 676 1452 1458
1287
1288 4
1289 0 344 1038
1290 148
1291 2
1292 0 6 164 498 1500
1293 4
1294 544
1295 0 4 14 18 48 70 116 190 216 354 508 576 1238 1348 1530
1296 2 500
1297 566
1298 0 16 54
1299 16 20 34 310 434 700 848
1300 4
1301 0 2 6 12 42 94 288 482 870 1160 1452
1302 4 86 620
1303 98
1304 0 346 1044
1305 1256
1306 2 56 292
1307 0 4 18
1308 20
1309 4 70 86 110 508 620 788
1310 0 6 24 56 78 174 240 356 528 1074 1590
1311 2 280 1412
1312 14
1313 0 314 948
1314 4 46
1315
1316 0 2 4 12 18 32 34 46 102 108 144 182 188 242 256 552 570 732 774 952 1292 1334
1317 16
1318 16
1319 0 6
1320 418
1321 2 4 32 226 650 1142
1322 0 20 66
1323 4 356
1324
1325 0
1326 2 104 532
1327 386
1328 0 4 6 18 60 110 336 740 788 1014
1329 14 314 980
1330 4
1331 0 2 12 20 66 112 342
1332
1333 1430
1334 0
1335 4
1336 2 16 34 92 182 700 1520
1337 0 4 6 16 18 24 54 60 130 168 186 396 510 1194 1490
1338
1339
1340 0
1341 2
1342 4 194 1376
1343 0 190 576
1344 4
1345 20
1346 0 2 6 12 14 42 48 82 150 252 762
1347
1348
1349 0 4 18
1350 640
1351 2 4 32 226 680 1142
1352 0 328 990
1353 34 176 826
1354 20
1355 0 6 16 54 168
1356 2 4 16 32 92 130 662
1357 98 146 364
1358 0 4 18
1359
1360
1361 0 2 12
1362
1363 4 14 46 116 830
1364 0 6 24 230 696 884
1365 4 46 56 410
1366 2
1367 0
1368 20 70
1369 56
1370 0 4 18
1371 2 224 1132
1372 4 346
1373 0 6 34 108 330
1374 16
1375 16 146
1376 0 2 12
1377 4 20 158
1378 148
1379 0 4 18
1380 14 334 994
1381 2
1382 0 6 70 216 654
1383 94
1384 4
1385 0 104 318
1386 2 4 32
1387 500
1388 0
1389
1390 34
1391 0 2 4 6 12 18 20 24 32 42 60 66 78 86 102 112 132 158 186 204 264 312 342 402 442 480 564 618 620 798 802 942 1032 1332 1446
1392 176
1393 4 16 130
1394 0 16 54
1395
1396 2
1397 0 14 48
1398 4 86 94 620 676
1399
