200
1400 0 4 6 18 20 60 66 158 204 480 1446
1401 2
1402
1403 0
1404 98
1405 4
1406 0 2 12
1407 4 170 1208
1408
1409 0 6
1410 34
1411 2
1412 0 4 16 18 46 54 130 144 396 928
1413 16 268 1160
1414 4 14 20 46 116 158 310 388 830 1124
1415 0
1416 2 458
1417 248
1418 0 6 24
1419 4 170 1208
1420
1421 0 2 4 12 18 32 102
1422 110 188 278
1423 20
1424 0 56 174
1425 280
1426 2 4 32
1427 0 6 34 108 330
1428 4 56 248 410
1429 224
1430 0
1431 2 14 16 82 92 320
1432 16
1433 0 4 18 104 318 746
1434
1435 4 160 1138
1436 0 2 6 12 42 164 498 820 832 1500
1437 20
1438
1439 0
1440 4
1441 2 70 110 148 362 562 752
1442 0 4 18
1443
1444
1445 0 6 24 160 486 1420 1464
1446 2 20 112 526
1447 4 34 256
1448 0 14 48
1449 4 658 1358
1450 16
1451 0 2 12 16 54 92 282
1452
1453
1454 0 4 6 18 60
1455 70
1456 2 4 32
1457 0 364 1098
1458 98
1459 164
1460 0 20 66
1461 2 4 32 46 242 340
1462
1463 0 4 6 18 46 60 144 438
1464 34
1465 14 274 1364
1466 0 2 12
1467 1426
1468 4
1469 0 16 20 54 66 434 1308
1470 4 16 130
1471 2 236 1192
1472 0 6 24 78
1473
1474 484
1475 0 4 18
1476 2
1477 4 236
1478 0 268 810
1479 874
1480 86 94 758
1481 0 2 6 12 42
1482 4 14 116 194 278 1376
1483 20 56 1354
1484 0 4 18 34 108 256 774
1485
1486 2
1487 0 56 86 174 264 418 1260
1488 16 190
1489 4 16 130
1490 0 6 274 828
1491 2 4 32
1492 20 104
1493 0
1494 1168
1495 94
1496 0 2 4 12 18 32 102
1497
1498 4 506
1499 0 6 14 24 48 150 456
1500
1501 2 34 182
1502 0
1503 4
1504 458
1505 0 4 18 98 300 704
1506 2 20 112 146 394 742
1507 16 188
1508 0 6 16 54 168
1509 650
1510 4 46 230 596
1511 0 2 12
1512 4 46 340
1513 856
1514 0 70 216
1515 20
1516 2 14 82
1517 0 4 6 18 60 328 990
1518
1519 4
1520 0
1521 2 34 182
1522
1523 0
1524 4 146 1040
1525
1526 0 2 4 6 12 16 18 24 32 42 54 60 92 102 130 132 168 186 282 312 386 396 510 662 852 942 1164 1194
1527 16 358
1528 70
1529 0 20 66 148 450 670
1530
1531 2 4 32
1532 0 176 534
1533 4 14 116
1534 1036
1535 0 6 110 336 1014
1536 2 190 962
1537
1538 0 4 18 20 34 66 108 158 256 394 480 774 848 1188
1539 194
1540 4 104 746
1541 0 2 12 334 1008 1406
1542 56
1543
1544 0 6
1545 4 16 130
1546 2 16 56 92 292 1118 1276
1547 0 4 18
1548 406
1549
1550 0 14 48 226 614 684
1551 2 488
1552 4 20 158 526
1553 0 6 24 78 240 726
1554 4 110 788
1555
1556 0 2 12
1557
1558 34
1559 0 4 18 46 98 144 300 488 704 1470
1560
1561 2 4 20 32 46 112 158 242 802 1124 1294
1562 0 6
1563
1564 16
1565 0 16 54
1566 2 4 32
1567 14
1568 0 4 18
1569 86
1570
1571 0 2 6 12 42 176 534 892 916
1572
1573 4
1574 0 766
1575 4 20 34 158 256 848 1246
1576 2 86 442
1577 0 94 288
1578
1579
1580 0 4 6 18 24 60 170 186 226 516 684 1208 1554
1581 2
1582 4 820 1300
1583 0 16 54
1584 14 16 20 320 388 434 1010
1585
1586 0 2 12
1587 4 70 508
1588 406
1589 0 4 6 18 60
1590
1591 2
1592 0 94 148 170 288 450 516
1593 884
1594 4 280
1595 0 34 108
1596 2 4 32
1597 230
1598 0 6 20 66 160 204 224 486 678 1464
1599 104
