200
200 0 70 216 544
201 2 4 32
202
203 0 4 6 18 24 60 186 650
204 20
205
206 0 2 12 34 108 182 226 552 684 1142
207 14
208 4 104 170 746 1208
209 0
210 4
211 2
212 0 6
213
214 70
215 0 4 16 18 54 130 344 396 1038
216 2 16 92 1468
217 4
218 0 20 66
219 94 1478
220
221 0 2 6 12 42
222 4
223
224 0 4 14 18 48 116 354 418 1260
225
226 2 34 182 824
227 0 20 66
228
229 4
230 0 6 24
231 2 4 32
232
233 0 148 356 450 1074
234 16 86 94
235 16
236 0 2 4 12 18 32 46 102 144 224 242 678 732 1132 1586
237
238 4 46
239 0 6
240
241 2 14 20 82 86 112 388 442 1510
242 0
243 4 34 256 680
244 56
245 0 4 18
246 2 98 356 502
247
248 0 6 56 174 344 528 1038
249
250 4 20 158 1160
251 0 2 12
252 4
253 16
254 0 16 54
255
256 2 104 364 532
257 0 4 6 18 24 60 78 186 346 564 1044
258 14
259 4
260 0
261 2
262
263 0 34 108
264 4 20 158 1294
265
266 0 2 4 6 12 18 32 42 60 102 312 670
267 164 1276
268
269 0
270
271 2 4 32
272 0 16 54
273 4 16 20 70 130 158 434 508 1384
274
275 0 6 14 48 150 1478
276 2 188 236 952 1192
277
278 0 4 18
279 176 1300
280 4 34 256 904
281 0 2 12
282 236 994
283
284 0 6 24
285 4 46
286 2
287 0 4 18 20 46 66 70 144 158 216 480 508 1124 1530
288
289
290 0 164 498 500 1506
291 2 16 92
292 4 14 16 110 116 130 320 788
293 0 6 98 280 300 846 906
294 4 160 224 1138 1586
295
296 0 2 12 20 66 112 342 758
297
298 278 944
299 0 4 18
300 34 194 1366
301 2 4 32
302 0 6
303 56
304 160
305 0
306 2 4 32
307 56
308 0 4 18
309 14
310 16 20 434 656
311 0 2 6 12 16 24 42 54 92 110 132 168 282 336 510 562 852 1014
312 484 596
313 4
314 0 146 444 658
315 4 104 394 746
316 2 94 482 614
317 0 34 108
318 176
319 20
320 0 4 6 18 60
321 2 148 406 752
322 4
323 0 86 264 1168
324
325 346 904
326 0 2 12 14 48 82 252 1246
327 4
328
329 0 4 6 16 18 54 60 130 168 268 396 810 1194
330 16 86 190
331 2 94 482 674
332 0 146 444 736
333 20
334 4 46
335 0
336 2 4 32 46 242 1378
337 34
338 0 6 24 78 240 1406
339
340
341 0 2 4 12 18 32 102
342 20
343 4 14 116
344 0
345 230 1528
346 2 70 362 980
347 0 6 98 300 394 906 1188
348 4 16 130
349 16
350 0 4 18
351 2
352
353 0
354 34
355 4
356 0 2 6 12 20 42 66 112 204 342 364 1032 1098
357 4 194 274 1376
358 278 1364
359 0 328 386 990 1164
360 14 70 310 1238
361 2 188 406 952
362 0 4 18 56 174 314 410 948 1236
363 104
364 4
365 0 6 20 24 66 204 618 640
366 2 56 292 1358
367 16
368 0 16 54
369 4 170 334 1208
370
371 0 2 4 12 18 32 102
372
373
374 0 6 34 108 330 1256
375
376 2 4 32
377 0 14 48
378 4 190 314 1348
379 20
380 0
381 2 170 500 862
382 274 1576
383 0 4 6 18 46 60 144 438 994
384 148
385 4 46
386 0 2 12 16 54 92 282 1564
387 16
388 20 526 850
389 0
390 4
391 2 34 182
392 0 4 6 18 24 60 186
393
394 14 98 268
395 0
396 2
397 4
398 0
399 4
