200
600 4 268 566
601 2 164 832 1294
602 0 4 18 56 174 410 874 1236
603
604
605 0 356 1016 1074
606 2 346 628
607 4 94 676
608 0 6 24
609 4 20 158
610
611 0 2 12
612 146
613 34 820 1366
614 0 4 16 18 54 130 396
615 14 16 320
616 2 4 32
617 0 6
618 20
619
620 0 160 486
621 2 4 32
622 94
623 0 4 18 148 364 450 1054 1098
624 164
625
626 0 2 6 12 42
627
628 4 46
629 0
630 4 46 146 160 1040 1138
631 2 110 562
632 0 14 20 48 66 388 1018 1170
633 16 34 700
634 16 226 274
635 0 4 6 18 24 60 186
636 2 104 532
637 4 176 968 1250
638 0 70 216
639 278
640
641 0 2 12 20 66 112 342
642 4
643
644 0 4 6 18 60
645 418
646 2
647 0
648
649 4 14 116
650 0 34 98 108 110 300 336
651 2 4 32
652 16 70 916 1384
653 0 6 16 54 168
654 856 1490
655 20
656 0 2 4 12 18 32 102
657 56
658 4 188 968 1334
659 0 274 828 1564
660
661 2 56 292
662 0 6 24 78
663 4
664 20 226 248
665 0 4 18 230 268 696 810
666 2 14 82
667
668 0 650 680
669
670 4 34 256
671 0 2 6 12 16 42 54 92 168 282 852 1576
672 4 16 130
673 310
674 0 346 1044 1298
675 248
676 2 176 892 1528
677 0 4 18 46 144
678 20
679 4 46 86 314 620
680 0 6
681 2
682
683 0 14 48
684 4 104 746
685
686 0 2 4 12 18 32 86 102 148 264 442 450 620 752 1054 1332
687 20 34 848
688
689 0 6 24
690 16 224 328
691 2 4 16 32 92 130 662
692 0
693 4
694 194
695 0 314 948 1520
696 2
697 98
698 0 4 6 18 60
699
700 4 14 116
701 0 2 12 20 66 112 342
702
703
704 0 94 288
705 4
706 2 334 884
707 0 4 6 18 34 60 108 256 330 640 774
708 506
709 16
710 0 16 20 54 66 434 1150 1308
711 2 70 362
712 4 394 544
713 0
714 4
715 170
716 0 2 6 12 24 42 56 132 174 190 292 528 576 882 962 1590
717 14
718
719 0 4 18 94 288 676 758
720 56
721 2 4 32
722 0
723 364
724 20 34 848
725 0 6 70 216 654
726 2 4 32 46 242
727 170
728 0 4 16 18 46 54 130 144 396 566 928
729 16
730 406
731 0 2 12
732
733 4 20 158
734 0 6 14 48 150
735 4
736 2
737 0
738
739
740 0 4 18
741 2
742 4
743 0 6 24 78 104 188 318 570 960
744 34 110 394
745 280
746 0 2 12
747 4 16 20 130 158 434 544
748 16 224 386
749 0 4 18
750
751 2 14 82 98 194 502 982
752 0 6
753
754 4 236 1016
755 0
756 2 4 20 32 112 158 802
757
758 0
759 820
760 236
761 0 2 4 6 12 18 32 34 42 60 102 108 146 182 256 312 330 444 552 742 774 1040 1292 1338
762
763 4 110 788
764 0 190 576
765 1190 1468
766 2 16 92
767 0 16 54
768 4 14 86 116 164 620 1166 1510
769
770 0 4 6 18 20 24 60 66 158 186 204 406 480 618 1224 1446
771 2
772
773 0
774 148
775 4 46 56 86 340 410 620
776 0 2 12
777 4 46
778 856
779 0 6 20 56 66 146 174 204 444 528 1338 1354
780 1010
781 2 34 182
782 0 4 18
783 160
784 4 70 508
785 0 14 16 48 54 320 966
786 2 16 92
787
788 0 6 310 658 936
789 4
790
791 0 2 4 12 18 32 102 104 164 318 498 532 746 832 1166
792
793 20 160 500
794 0
795
796 2 4 32
797 0 6 24
798 4 34 70 98 256 508 704
799 484
