200
400
401 0 2 6 12 42
402 20
403
404 0 4 18
405 16 110 226
406 2 4 16 32 92 130 662 740
407 0
408
409
410 0 6
411 2 4 14 20 32 34 82 112 116 158 182 256 388 592 626 802 848 1292
412 86
413 0 4 18 94 248 288 676 750
414
415
416 0 2 12
417
418 4
419 0 6 24 70 78 86 216 264 654 798
420 4
421 2 56 292
422 0 104 318
423
424 16 110 248
425 0 4 16 18 20 54 56 66 130 158 174 396 410 434 480 1118 1236 1308 1354
426 2
427 4
428 0 6 14 34 48 94 108 150 288 330 626 870
429 698 784
430
431 0 2 12
432 4 46 230 340
433 70
434 0 4 18 20 46 66 144 158 164 480 498 1124 1166
435 226
436 2
437 0 6
438
439 4
440 0
441 2 4 32
442
443 0 16 54
444 16 358
445 14
446 0 2 4 6 12 18 24 32 42 60 102 132 186 312 628 942
447
448 4 20 34 98 158 256 704 848
449 0
450
451 2
452 0
453 4
454
455 0 4 6 18 60
456 2
457 20 160 164
458 0 176 534 1168
459
460 4
461 0 2 12
462 4 14 16 116 130 280 320
463 16 146 224
464 0 6
465 34
466 2
467 0 4 18 160 188 486 570 1138 1334
468
469 4
470 0 104 318
471 2 20 112
472 148
473 0 6 24
474 4
475 310
476 0 2 4 12 18 32 102
477 766 884
478 418
479 0 14 48
480 20 56 506 1354
481 2 4 16 32 46 92 130 146 242 662 742 928 1040
482 0 6 16 54 168
483 4 46 340
484 56
485 0 34 108
486 2
487 596 1184
488 0 4 18
489 604 1178
490 4
491 0 2 6 12 42
492 70
493
494 0 20 66 458 526 1380 1584
495 4 98 704 1036
496 2 14 82
497 0 4 18 176 194 534 588 1250 1376
498
499
500 0 6 16 24 54 78 168 484 510 1458 1536
501 2 16 86 92 442
502 4 34 256
503 0 20 66
504 4
505
506 0 2 12 70 216 362 698 1092
507 614 1246
508 86
509 0 4 6 18 60
510 94
511 2 4 32
512 0
513 14
514
515 0 236 714 1106
516 2 4 32
517 20
518 0 4 6 18 60 110 336 788 1014
519 16 358
520 16
521 0 2 12 224 236 678 714 1132 1192
522 34
523 4 190 604 1348
524 0 328 826 990
525 4 94 676 1214
526 2 20 112
527 0 6 24
528
529 104
530 0 4 14 18 46 48 116 144 334 354 830 1008
531 2
532 4 46
533 0
534
535 148
536 0 2 6 12 42
537 4 110 788 1090
538 16
539 0 4 16 18 34 54 56 108 130 174 256 396 410 700 774 1118 1236
540 20
541 2
542 0 170 516
543 56
544 4
545 0 6
546 2 4 32
547 14
548 0
549 20 98 386
550
551 0 2 4 12 18 32 102
552 188
553 4
554 0 6 24 170 194 516 588 1554
555
556 2
557 0 16 54
558 4 16 130
559 34
560 0 4 18
561 2
562 344
563 0 6 20 66 204
564 14
565 4 70 508
566 0 2 12
567 4
568
569 0 488 656 1470
570
571 2 190 962 1010
572 0 4 6 18 20 60 66 158 204 480 674 1446
573
574 4
575 0
576 2 16 34 92 182 280 700 1412
577 16 104 488
578 0 230 696 1430
579 4 46 70 278 508
580
581 0 2 4 6 12 14 18 24 32 42 46 48 60 78 82 102 116 132 144 150 186 240 242 252 312 354 402 438 456 564 592 732 762 830 942 1068 1212 1320 1374
582 458
583
584 0
585 740 1378
586 2 4 20 32 112 158 802 1276
587 0
588 4
589
590 0 6 86 264 798 1300
591 2
592 356
593 0 4 18
594
595 4 16 20 130 158 344 434
596 0 2 12 16 34 54 92 98 108 182 282 300 502 552 700 1512
597 86
598 14 56 1000 1066
599 0 6
