200
0 4
1 2
2 0
3 14
4 34
5 0 4 6 18 60
6 2 16 92
7 4 16 130
8 0 56 174
9 224
10 280
11 0 2 12 20 66 112 342
12 4 56 410
13 484
14 0 4 6 18 24 60 78 186 564
15 650
16 2 146 742
17 0 278 840
18 944
19 4 148 1054
20 0 14 20 48 66 388 1170
21 2 4 32 34 182 256 1292
22 1420
23 0 6 170 516 1554
24
25 16 94
26 0 2 4 12 16 18 32 54 92 102 130 282 396 662
27
28 4 328
29 0 826
30
31 2 566
32 0 6 334 1008
33 4 458
34 20 146
35 0 4 18 170 516 1208
36 2 766
37 14 236
38 0 1426
39
40 4 46 94 676
41 0 2 6 12 24 34 42 108 132 182 330 552 996
42 4 46 104 746
43 20 236
44 0 16 54 98 300
45 16 314
46 2 1256
47 0 4 18 310 936
48
49 4 1018
50 0 6 824
51 2 1546
52
53 0
54 4 14 70 116 508 1238
55
56 0 2 4 12 18 32 86 102 264 442 620 1332
57 20 418
58 34 268
59 0 6 1150
60
61 2 4 32 314 1582
62 0
63 4 16 86 130 620
64 16 640
65 0
66 2 20 110 112 562
67 56 224
68 0 4 6 18 24 60 70 186 216 508 654 1530
69
70 4
71 0 2 12 14 48 56 82 174 252 292 882 1000
72
73
74 0
75 4
76 2
77 0 4 6 18 60 278 840
78 34 488
79
80 0 20 66 274 828
81 2
82 4 16 130 148 1054
83 0 16 54 358 1080
84 4
85 110 188
86 0 2 6 12 42 488 1470
87
88 14 1358
89 0 4 18 20 46 66 144 158 340 480 1026 1124
90
91 2 4 32 46 98 242 502 704
92 0
93
94
95 0 6 24 34 78 108 240 330 726 996
96 2 4 32 784
97
98 0 4 18 1364
99
100 164 176
101 0 2 12 16 54 92 104 282 318 532
102 16
103 4 20 158 194 1376
104 0 6
105 4 14 116 274
106 2
107 0
108
109
110 0 4 18
111 2
112 4 20 158 230
113 0 6
114
115 34 1066
116 0 2 12
117 4
118
119 0 4 18
120 16
121 2 16 92 458
122 0 6 14 24 48 94 150 288 456 870
123 164 268
124 4
125 0
126 2 4 20 32 56 112 158 292 410 802 1354
127 70 658
128 0
129
130 56 854
131 0 2 4 6 12 18 32 42 60 102 160 312 486 812 1138 1464
132 34 1406
133 4
134 0
135 20
136 2
137 0 94 190 288 576
138 4 46 1160
139 14 16 176 320
140 0 4 6 16 18 46 54 60 130 144 168 340 396 438 928 1026 1194
141 2 70 160 362 812
142
143 0
144
145 4 86 98 620 704
146 0 2 12
147 4
148
149 0 6 20 24 66 104 204 318 618 960
150
151 2
152 0 4 18 34 86 108 256 264 620 774
153
154 4
155 0
156 2 14 82 854
157
158 0 6 16 20 54 66 168 204 358 434 1080 1308
159 4 16 130 566
160 194 386
161 0 2 4 12 18 32 102 736
162 248 310
163
164 0
165 146 544
166 2 4 32
167 0 6
168 4
169 34
170 0 148 188 450 570
171 2
172 20
173 0 4 14 18 48 116 248 354 750
174
175 4
176 0 2 6 12 24 42 78 132 226 402 684 1142
177 16
178 16
179 0 110 280 336 846
180 4
181 2 20 112 850
182 0 4 18
183 146 670
184
185 0 6 56 174 190 528 576
186 2
187 4 46
188 0
189 4 34 46 56 256 410
190 14
191 0 2 12
192 98 1090
193 328 334
194 0 4 6 18 60
195 20
196 2 4 16 32 92 130 170 662 862 1208
197 0 16 54
198 110 1036
199 230 506
