200
800 0
801 2 94 482
802 14 20 388
803 0 4 18
804 16
805 4 16 130 358 766
806 0 2 6 12 42
807
808
809 0
810 4
811 2 230 1162
812 0 4 18
813
814
815 0 6
816 2 20 94 112 176 482 892
817 4
818 0 34 108
819 4 14 116
820
821 0 2 12
822
823 16
824 0 4 6 16 18 24 46 54 60 78 130 144 168 186 240 396 438 510 564 726 928 1194 1320 1536
825 20
826 2 4 32 46 242 340 1190
827 0
828
829 1210
830 0
831 2 4 32
832
833 0 4 6 18 60
834 56
835 34
836 0 2 12 14 48 82 252
837 148
838 4 56 410
839 0 20 66
840 4
841 2
842 0 6 16 54 168
843 16
844
845 0 4 18
846 2
847 4
848 0 20 66
849 188
850 104
851 0 2 6 12 24 42 132
852 4 98 704
853 14
854 0 4 18
855 34 176 328
856 2 650 670
857 0 70 86 110 216 264 336
858 826
859 4 280 1114
860 0 6 278 840 874
861 2 4 16 32 92 130 662
862 16 20 434
863 0 226 684
864 86
865
866 0 2 4 12 18 32 102
867 334
868 4
869 0 6
870 14
871 2 20 70 112 268 362 1352
872 0 34 108
873 4 46
874
875 0 4 18 46 144
876 2 110 562
877 824
878 0 6 24
879
880 4 16 130 358 916
881 0 2 12 16 54 92 282
882 4
883 784
884 0 500 1506 1550
885 20
886 2
887 0 4 6 14 18 48 60 116 150 354 1068
888 170
889 4
890 0
891 2 194 982
892 34
893 0 56 174 226 684
894 4 20 158
895
896 0 2 4 6 12 18 32 42 60 102 312
897 56
898 94 104 230
899 0 16 54 98 300 418 1260
900 16 170 736
901 2 4 32
902 0
903 4
904 14
905 0 6 24 78
906 2
907
908 0 4 18 20 66 158 480
909 34 190 344
910 4 146 1040
911 0 2 12 274 596 828 1382
912
913 94
914 0 6
915 4 248 1426
916 2
917 0 4 18 20 66 158 224 480 526 678 1584 1586
918 16
919 16
920 0 278 840
921 2 14 82
922 4 46
923 0 6
924 4 46
925 148
926 0 2 12 248 680 750 1252
927 1420
928 146
929 0 4 18 34 108 256 774
930 70
931 2 4 20 32 112 158 802
932 0 6 24
933 614
934 188
935 0 164 498
936 2 4 32 268 274 1352 1382
937 16
938 0 4 14 16 18 48 54 116 130 320 354 386 396 966 1164
939 670
940 20
941 0 2 6 12 42
942 344
943 4
944 0 70 216
945 4
946 2 34 86 160 182 442 812
947 0
948 194
949
950 0 4 6 18 60
951 2 356 1508
952 4 56 410
953 0 86 98 264 300
954 20
955 14 346 458
956 0 2 12 16 54 56 92 160 174 282 292 486 812 882 1118
957 4 16 104 130 190 746 1348
958 164
959 0 4 6 18 24 60 186
960
961 2
962 0
963 20
964 4 356 1106
965 0 944 980
966 2 4 32 34 182 256 1292
967
968 0 6
969 656
970 110
971 0 2 4 12 18 32 46 102 144 242 732
972 14
973 4 46
974 0
975 16 224 658
976 2 16 92
977 0 6 20 66 204
978 4
979
980 0 4 18
981 2
982 1546
983 0 34 108
984
985 4
986 0 2 6 12 20 24 42 66 78 112 132 204 310 342 402 618 936 1032 1562
987 4 484 854
988 148
989 0 14 48 110 336 506 1524
990 364
991 2
992 0 4 18
993 236
994 4 16 130
995 0 6 16 54 94 168 176 288 534 870
996 2 314 1582
997
998 0
999 4 236
