200
1000 20 98 1288
1001 0 2 4 12 18 32 102
1002
1003 34 70 1114
1004 0 6
1005 104
1006 2 4 14 32 82 116 592
1007 0
1008 4 640 674
1009 20
1010 0 94 288
1011 2 56 292
1012 314
1013 0 4 6 16 18 24 54 60 130 168 186 396 510 854 1194
1014 16
1015 4 56 410
1016 0 2 12
1017 70
1018
1019 0
1020 4 34 46 256
1021 2 328
1022 0 4 6 18 46 60 144 438
1023 14 20 346 388 526
1024
1025 0
1026 2
1027 4
1028 0 280 846
1029 4
1030
1031 0 2 6 12 42
1032 16 20 434
1033 16
1034 0 4 18 176 534 850 1250
1035 86
1036 2 4 32
1037 0
1038
1039
1040 0 6 14 24 34 48 108 150 188 330 456 570 626 996
1041 2 4 32
1042 86
1043 0 4 18 334 458 1008 1380
1044 230
1045
1046 0 2 12 20 66 112 342
1047
1048 4
1049 0 6
1050 4
1051 2 16 92
1052 0 16 54
1053 824
1054 98
1055 0 4 18 20 66 158 480
1056 2
1057 4 14 34 116 256 626 758
1058 0 6
1059 146
1060 488
1061 0 2 12 170 516 862 1298
1062 4
1063
1064 0 4 18 104 318 746 1508
1065
1066 2 418
1067 0 6 24 78 240
1068 488
1069 4 20 46 158 1124
1070 0 16 54 56 174 1018 1118
1071 2 4 16 32 46 92 130 242 662 736 928
1072
1073 0 170 516
1074 14 56 1000
1075
1076 0 2 4 6 12 18 32 42 60 70 102 148 216 312 362 450 508 654 752 1054 1092 1356 1530
1077 34 146 628
1078 4 20 158
1079 0
1080
1081 2
1082 0
1083 4 110 788
1084
1085 0 4 6 18 60
1086 2 596 1178
1087
1088 0 194 588
1089 16
1090 4 16 70 130 364 508 1384
1091 0 2 12 14 48 82 252
1092 4 20 94 158 226 676
1093
1094 0 6 24 34 108 330 996
1095
1096 2 604 1184
1097 0 4 18
1098 1214
1099 4
1100 0
1101 2 20 98 112 310 502 1562
1102 110 164 190
1103 0 6
1104 4
1105
1106 0 2 4 12 18 32 102
1107 94
1108 14 16 320
1109 0 16 54 160 394 486 1188
1110
1111 2 4 32
1112 0 6 104 318 960
1113 4
1114 34
1115 0 20 66
1116 2
1117
1118 0 4 18 46 144 340 1026
1119 160
1120 4 46
1121 0 2 6 12 24 42 132
1122 226
1123
1124 0 20 66 86 264 614
1125 4 14 116 164 188 1166 1334
1126 2
1127 0 4 16 18 54 130 396
1128 16
1129 56
1130 0 6 604 698
1131 2 34 86 182 230 442 1162
1132 4
1133 0 56 174
1134 4
1135
1136 0 2 12
1137 386
1138 20
1139 0 4 6 18 60 148 406 450 1054 1224 1356
1140
1141 2 4 32 278 394 1402
1142 0 14 48 268 280 810 846
1143
1144 224
1145 0 194 588
1146 2 4 16 32 92 130 662
1147 16 20 434
1148 0 4 6 18 24 60 78 186 564
1149 70 740
1150 190
1151 0 2 12 34 108 182 552
1152 1288
1153 4
1154 0
1155 4 98 704
1156 2
1157 0 6
1158
1159 14
1160 0 4 18
1161 2 20 112
1162 4
1163 0 70 216
1164
1165 16
1166 0 2 6 12 16 42 54 92 168 248 282 358 750 852 1080 1252
1167 4 46
1168 34
1169 0 4 18 46 144 340 566 1026
1170 20
1171 2 104 532
1172 0
1173
1174 4 176 1250
1175 0 6 24
1176 2 4 14 32 82 116 592
1177 248
1178 0
1179 406
1180
1181 0 2 4 12 18 32 102
1182
1183 4
1184 0 6 16 20 54 66 168 204 434 1066 1308
1185 16
1186 2 328
1187 0 904 1550
1188 4 34 56 256 274 410
1189 94
1190 0 4 18
1191 2
1192 56
1193 0 6 14 20 48 66 150 204 388 1170 1210
1194
1195 4
1196 0 2 12 110 336 562
1197 4
1198
1199 0
